figure(1),image(A)
figure(2),image(B)
image([0 5]),[0 50])
set(gca, 'YDir','normal')
%[x,y] = ginput(10);
x =

  136.4332
  101.8479
   93.0922
   77.7696
   66.3871
   51.5023
   41.4332
   37.0553
   29.1751
   24.7972


y =

   62.7705
   89.5775
  108.0073
  131.4635
  151.0102
  170.5570
  176.7003
  181.1681
  186.7529
  187.3114
figure(3)
plot(x,y,'-o')
%polifit
%polyval
